%YAML:1.0
intrinsic: !!opencv-matrix
   rows: 3
   cols: 3
   dt: d
   data: [ 8.3777107566116626e+002, 0., 2.6667819699835485e+002, 0.,
       8.3790625307576317e+002, 2.1219589684134743e+002, 0., 0., 1. ]
distortion: !!opencv-matrix
   rows: 1
   cols: 5
   dt: d
   data: [ -8.9903504836176748e-002, -6.6246497579594021e-001,
       1.5051385459290768e-004, -2.8963512729268258e-003,
       2.9388508096825410e+000 ]
rotate0: !!opencv-matrix
   rows: 3
   cols: 1
   dt: d
   data: [ -1.7932023875655992e-001, 9.9796166074163375e-002,
       3.0554999938129490e+000 ]
translate0: !!opencv-matrix
   rows: 3
   cols: 1
   dt: d
   data: [ 1.8383148654360309e+002, -2.9004789826865135e+001,
       2.5191100009355564e+003 ]
rotate1: !!opencv-matrix
   rows: 3
   cols: 1
   dt: d
   data: [ -7.9434170686314434e-002, -7.7722835271499618e-002,
       -2.9156992424050752e-002 ]
translate1: !!opencv-matrix
   rows: 3
   cols: 1
   dt: d
   data: [ -4.3371563743586762e+002, -5.2497541138768247e+002,
       2.5465349526220257e+003 ]
rotate2: !!opencv-matrix
   rows: 3
   cols: 1
   dt: d
   data: [ 3.3981800591099603e-001, -1.7358023262912040e-001,
       3.0338010878893034e+000 ]
translate2: !!opencv-matrix
   rows: 3
   cols: 1
   dt: d
   data: [ 1.8921302221725779e+002, 5.1715438238877152e+002,
       2.3108619599010794e+003 ]
rotate3: !!opencv-matrix
   rows: 3
   cols: 1
   dt: d
   data: [ 1.4715208574008795e-001, 2.4938592311370802e-001,
       6.9715650295924473e-003 ]
translate3: !!opencv-matrix
   rows: 3
   cols: 1
   dt: d
   data: [ -6.8223280795676919e+002, -1.8656092035792173e+002,
       2.3361018964303998e+003 ]
rotate4: !!opencv-matrix
   rows: 3
   cols: 1
   dt: d
   data: [ 1.0659227059106535e-001, 2.3491243033407763e-001,
       1.0449945413724533e+000 ]
translate4: !!opencv-matrix
   rows: 3
   cols: 1
   dt: d
   data: [ -1.8676287857072751e+002, -4.5191124803218639e+002,
       2.1503700898483844e+003 ]
rotate5: !!opencv-matrix
   rows: 3
   cols: 1
   dt: d
   data: [ 2.2424255336071577e-002, 4.5116255763605628e-001,
       3.0669605939707316e+000 ]
translate5: !!opencv-matrix
   rows: 3
   cols: 1
   dt: d
   data: [ 3.8639731284062293e+002, 2.9407157463307124e+002,
       2.5784090201249296e+003 ]
