%YAML:1.0
intrinsic: !!opencv-matrix
   rows: 3
   cols: 3
   dt: d
   data: [ 8.5015721626676827e+002, 0., 3.5889135514392132e+002, 0.,
       8.4935886583078593e+002, 2.4001567945916233e+002, 0., 0., 1. ]
distortion: !!opencv-matrix
   rows: 1
   cols: 5
   dt: d
   data: [ -1.8899375257742229e-001, 1.1747281300268393e+000,
       -1.7734103141059865e-003, -4.5284661468948141e-003,
       -6.2669899049812097e+000 ]
rotate0: !!opencv-matrix
   rows: 3
   cols: 1
   dt: d
   data: [ -1.9263052392962149e-001, 1.1852756641487008e-001,
       3.0116385400740122e+000 ]
translate0: !!opencv-matrix
   rows: 3
   cols: 1
   dt: d
   data: [ 5.6599829585245323e+002, -1.9020941751900526e+001,
       2.5575905464304074e+003 ]
rotate1: !!opencv-matrix
   rows: 3
   cols: 1
   dt: d
   data: [ -1.2755865631972610e-001, 1.3225279717616817e-001,
       3.0657003190817118e+000 ]
translate1: !!opencv-matrix
   rows: 3
   cols: 1
   dt: d
   data: [ 7.6863295455333059e+002, 5.3813649536515022e+001,
       2.6054913973273515e+003 ]
rotate2: !!opencv-matrix
   rows: 3
   cols: 1
   dt: d
   data: [ 3.2502633542787962e-001, -1.6664450021616953e-001,
       2.9922795872181167e+000 ]
translate2: !!opencv-matrix
   rows: 3
   cols: 1
   dt: d
   data: [ 5.9472471132694216e+002, 5.2373667590406137e+002,
       2.3429791119792490e+003 ]
rotate3: !!opencv-matrix
   rows: 3
   cols: 1
   dt: d
   data: [ 3.7427894697583003e-001, -2.2986000427037165e-001,
       3.0734866956201810e+000 ]
translate3: !!opencv-matrix
   rows: 3
   cols: 1
   dt: d
   data: [ 4.9984940909463063e+002, 4.3580257110930421e+002,
       2.2603901055101751e+003 ]
rotate4: !!opencv-matrix
   rows: 3
   cols: 1
   dt: d
   data: [ 9.9864944600164041e-002, 2.3113472351552358e-001,
       1.0020068827209117e+000 ]
translate4: !!opencv-matrix
   rows: 3
   cols: 1
   dt: d
   data: [ 1.7692670628140993e+002, -4.2944548094270937e+002,
       2.1867052657022296e+003 ]
rotate5: !!opencv-matrix
   rows: 3
   cols: 1
   dt: d
   data: [ 1.1553102390230614e-002, 4.6531205347200871e-001,
       3.0204234144502959e+000 ]
translate5: !!opencv-matrix
   rows: 3
   cols: 1
   dt: d
   data: [ 7.8655209879673384e+002, 2.9335511384584026e+002,
       2.6195221429187604e+003 ]
