%YAML:1.0
intrinsic: !!opencv-matrix
   rows: 3
   cols: 3
   dt: d
   data: [ 9.0955770838205046e+002, 0., 2.9974997180826466e+002, 0.,
       9.0775407167905689e+002, 2.2053028058207227e+002, 0., 0., 1. ]
distortion: !!opencv-matrix
   rows: 1
   cols: 5
   dt: d
   data: [ -2.5256485162925957e-001, 3.7605548817714163e-001,
       1.2547115454242681e-004, -2.7620384354475579e-003,
       -4.0802599457753408e-001 ]
rotate0: !!opencv-matrix
   rows: 3
   cols: 1
   dt: d
   data: [ -2.5006359986859550e-001, 7.4148313741166982e-002,
       3.0486482980522656e+000 ]
translate0: !!opencv-matrix
   rows: 3
   cols: 1
   dt: d
   data: [ 8.4191487688364717e+001, -5.4579201694636097e+001,
       2.7356209917027440e+003 ]
rotate1: !!opencv-matrix
   rows: 3
   cols: 1
   dt: d
   data: [ -1.2136744851212383e-001, 1.3808783831273483e-001,
       3.0212115013085135e+000 ]
translate1: !!opencv-matrix
   rows: 3
   cols: 1
   dt: d
   data: [ 7.4103066414314890e+002, 4.1176139666021250e+001,
       2.6931701059062934e+003 ]
rotate2: !!opencv-matrix
   rows: 3
   cols: 1
   dt: d
   data: [ -5.9344582026601679e-002, -1.1550441866755319e-001,
       -3.1836343199238011e-002 ]
translate2: !!opencv-matrix
   rows: 3
   cols: 1
   dt: d
   data: [ -5.3384925637527715e+002, -5.5019150874600609e+002,
       2.7335776192033195e+003 ]
rotate3: !!opencv-matrix
   rows: 3
   cols: 1
   dt: d
   data: [ -4.0446879039638603e-002, 1.5103695743899853e-001,
       3.0732395878032257e+000 ]
translate3: !!opencv-matrix
   rows: 3
   cols: 1
   dt: d
   data: [ 9.4805829719246856e+002, 1.1478353221589730e+002,
       2.7376691604756361e+003 ]
rotate4: !!opencv-matrix
   rows: 3
   cols: 1
   dt: d
   data: [ 3.0252390467446072e-001, -1.8193278565559989e-001,
       3.0421469297503378e+000 ]
translate4: !!opencv-matrix
   rows: 3
   cols: 1
   dt: d
   data: [ 9.7012670624346555e+001, 4.9495764924575548e+002,
       2.5076007366242852e+003 ]
rotate5: !!opencv-matrix
   rows: 3
   cols: 1
   dt: d
   data: [ 4.1518558917940707e-001, -1.3583825855836346e-001,
       2.9751000311990232e+000 ]
translate5: !!opencv-matrix
   rows: 3
   cols: 1
   dt: d
   data: [ 7.5801131778341505e+002, 5.7657942294076361e+002,
       2.4616583304006263e+003 ]
rotate6: !!opencv-matrix
   rows: 3
   cols: 1
   dt: d
   data: [ 1.5464538450422879e-001, 2.2316033620735959e-001,
       1.1594228863154072e-002 ]
translate6: !!opencv-matrix
   rows: 3
   cols: 1
   dt: d
   data: [ -7.7200149401361489e+002, -2.1043423392641535e+002,
       2.4996471932317945e+003 ]
rotate7: !!opencv-matrix
   rows: 3
   cols: 1
   dt: d
   data: [ 4.6675039174082217e-001, -2.0378712603072111e-001,
       3.0543015827031832e+000 ]
translate7: !!opencv-matrix
   rows: 3
   cols: 1
   dt: d
   data: [ 6.5723065039439143e+002, 4.8696466167912314e+002,
       2.3795687211446525e+003 ]
rotate8: !!opencv-matrix
   rows: 3
   cols: 1
   dt: d
   data: [ 9.9807328819470825e-002, 2.1093073756594477e-001,
       1.0473560038973395e+000 ]
translate8: !!opencv-matrix
   rows: 3
   cols: 1
   dt: d
   data: [ -2.7008571866253766e+002, -4.7312027925625733e+002,
       2.3133213355037915e+003 ]
rotate9: !!opencv-matrix
   rows: 3
   cols: 1
   dt: d
   data: [ 1.1458945774961855e-001, 2.9518910394609499e-001,
       9.9703222555221804e-001 ]
translate9: !!opencv-matrix
   rows: 3
   cols: 1
   dt: d
   data: [ 3.2907301644221519e+002, -3.7933331657265086e+002,
       2.3320439642794345e+003 ]
rotate10: !!opencv-matrix
   rows: 3
   cols: 1
   dt: d
   data: [ -2.5577466911113109e-002, 4.3334246307534374e-001,
       3.0647193302984812e+000 ]
translate10: !!opencv-matrix
   rows: 3
   cols: 1
   dt: d
   data: [ 2.8401900837417759e+002, 2.6869050632416258e+002,
       2.8139192549563095e+003 ]
rotate11: !!opencv-matrix
   rows: 3
   cols: 1
   dt: d
   data: [ 9.7853225268838787e-002, 5.0639823040812515e-001,
       3.0219729935863104e+000 ]
translate11: !!opencv-matrix
   rows: 3
   cols: 1
   dt: d
   data: [ 9.6833763509563607e+002, 3.5351505134442084e+002,
       2.7529291334690101e+003 ]
