%YAML:1.0
corners: !!opencv-matrix
   rows: 63
   cols: 1
   dt: "2f"
   data: [ 5.43690063e+002, 4.01561584e+002, 5.06650146e+002,
       4.00918488e+002, 4.70062042e+002, 4.00173126e+002,
       4.34055084e+002, 3.99341553e+002, 3.98805634e+002,
       3.98291687e+002, 3.64003387e+002, 3.97668335e+002,
       3.29542999e+002, 3.97117188e+002, 2.96380646e+002,
       3.95931427e+002, 2.63482513e+002, 3.94730560e+002,
       5.43362061e+002, 3.65986603e+002, 5.06016144e+002,
       3.65667114e+002, 4.69040436e+002, 3.65230713e+002,
       4.33072083e+002, 3.64904846e+002, 3.97261841e+002,
       3.64205414e+002, 3.62256897e+002, 3.64013275e+002,
       3.27693573e+002, 3.63769012e+002, 2.94091736e+002,
       3.62824951e+002, 2.61086060e+002, 3.61980042e+002,
       5.42873230e+002, 3.29526611e+002, 5.05050690e+002,
       3.29439758e+002, 4.68118378e+002, 3.29496399e+002,
       4.31953308e+002, 3.29317993e+002, 3.95701294e+002,
       3.28968079e+002, 3.60018738e+002, 3.29110657e+002,
       3.25544098e+002, 3.28958984e+002, 2.91833282e+002,
       3.28521332e+002, 2.58589203e+002, 3.28028259e+002,
       5.42288330e+002, 2.92902405e+002, 5.04333527e+002,
       2.93009277e+002, 4.66904785e+002, 2.93116180e+002,
       4.30401306e+002, 2.93507751e+002, 3.93917053e+002,
       2.93632782e+002, 3.58397552e+002, 2.94020966e+002,
       3.23786987e+002, 2.94031952e+002, 2.89465576e+002,
       2.94015564e+002, 2.55860977e+002, 2.94093628e+002,
       5.41509216e+002, 2.55283722e+002, 5.03126251e+002,
       2.55830383e+002, 4.65667633e+002, 2.56516479e+002,
       4.28830841e+002, 2.56957489e+002, 3.92470398e+002,
       2.57665283e+002, 3.56282684e+002, 2.57883636e+002,
       3.21531097e+002, 2.58720184e+002, 2.86782837e+002,
       2.59021423e+002, 2.53283691e+002, 2.59730347e+002,
       5.40622803e+002, 2.17551682e+002, 5.02225525e+002,
       2.18317871e+002, 4.64040192e+002, 2.19030243e+002,
       4.27355347e+002, 2.19977051e+002, 3.90464630e+002,
       2.20995483e+002, 3.54449951e+002, 2.21990646e+002,
       3.19045013e+002, 2.22624924e+002, 2.84423096e+002,
       2.23866745e+002, 2.50381683e+002, 2.24552948e+002,
       5.39448059e+002, 1.79309540e+002, 5.00840271e+002,
       1.80596039e+002, 4.62544250e+002, 1.81963440e+002,
       4.25287170e+002, 1.82969208e+002, 3.88464142e+002,
       1.83962311e+002, 3.52114136e+002, 1.85369461e+002,
       3.16633942e+002, 1.86801773e+002, 2.81843506e+002,
       1.87833191e+002, 2.47522430e+002, 1.89077271e+002 ]
