%YAML:1.0
corners: !!opencv-matrix
   rows: 63
   cols: 1
   dt: "2f"
   data: [ 3.34371307e+002, 3.98555756e+002, 2.99211578e+002,
       3.99353271e+002, 2.64404968e+002, 4.00083221e+002,
       2.30650742e+002, 4.00721588e+002, 1.97422272e+002,
       4.00999054e+002, 1.64597824e+002, 4.01683624e+002,
       1.32398514e+002, 4.02494507e+002, 1.01411186e+002,
       4.02499817e+002, 7.10724106e+001, 4.02558136e+002,
       3.31784912e+002, 3.63875153e+002, 2.96352722e+002,
       3.65043304e+002, 2.61335083e+002, 3.66287933e+002,
       2.27384491e+002, 3.67018219e+002, 1.93744781e+002,
       3.68082397e+002, 1.60604324e+002, 3.69052063e+002,
       1.28417877e+002, 3.69999847e+002, 9.73358002e+001,
       3.70438110e+002, 6.68230820e+001, 3.71046692e+002,
       3.28666901e+002, 3.28536469e+002, 2.93014008e+002,
       3.29896027e+002, 2.57873871e+002, 3.31453674e+002,
       2.23698868e+002, 3.32687073e+002, 1.89879562e+002,
       3.34021698e+002, 1.56589539e+002, 3.35479645e+002,
       1.24605507e+002, 3.36555054e+002, 9.33424377e+001,
       3.37434326e+002, 6.26325798e+001, 3.38232391e+002,
       3.25595093e+002, 2.92929016e+002, 2.89547363e+002,
       2.95148102e+002, 2.54532425e+002, 2.96505951e+002,
       2.20117371e+002, 2.98046448e+002, 1.86287888e+002,
       2.99580933e+002, 1.52716141e+002, 3.01447510e+002,
       1.20739388e+002, 3.02839996e+002, 8.90555801e+001,
       3.04132751e+002, 5.80523643e+001, 3.05589111e+002,
       3.22459747e+002, 2.57002045e+002, 2.86387299e+002,
       2.59053528e+002, 2.51058136e+002, 2.60984100e+002,
       2.16390198e+002, 2.63261597e+002, 1.82451874e+002,
       2.65000214e+002, 1.48983063e+002, 2.66994415e+002,
       1.16676857e+002, 2.69006012e+002, 8.46267090e+001,
       2.70614105e+002, 5.35988121e+001, 2.72717194e+002,
       3.19178589e+002, 2.20382935e+002, 2.82800537e+002,
       2.22941589e+002, 2.47404907e+002, 2.25427246e+002,
       2.12602966e+002, 2.27657547e+002, 1.78648087e+002,
       2.29761276e+002, 1.45174377e+002, 2.32358582e+002,
       1.12646179e+002, 2.34536514e+002, 8.04748001e+001,
       2.36811279e+002, 4.92695045e+001, 2.39273880e+002,
       3.15500000e+002, 1.83566925e+002, 2.79307434e+002,
       1.86506531e+002, 2.43480072e+002, 1.89381393e+002,
       2.08793564e+002, 1.92211761e+002, 1.74544952e+002,
       1.94755875e+002, 1.41375702e+002, 1.97485413e+002,
       1.08561386e+002, 2.00307617e+002, 7.62790298e+001,
       2.02630264e+002, 4.49768753e+001, 2.05508286e+002 ]
