%YAML:1.0
corners: !!opencv-matrix
   rows: 63
   cols: 1
   dt: "2f"
   data: [ 5.70071594e+002, 4.26449860e+002, 5.34457764e+002,
       4.29249512e+002, 4.99290466e+002, 4.31791901e+002,
       4.64603943e+002, 4.34411438e+002, 4.30378418e+002,
       4.36458221e+002, 3.96414673e+002, 4.38817505e+002,
       3.63252075e+002, 4.41401367e+002, 3.30435272e+002,
       4.43364563e+002, 2.98425537e+002, 4.44947235e+002,
       5.66622986e+002, 3.92445526e+002, 5.30939758e+002,
       3.95429443e+002, 4.95472473e+002, 3.98411072e+002,
       4.60730194e+002, 4.01265930e+002, 4.26194489e+002,
       4.03644501e+002, 3.92027832e+002, 4.06576782e+002,
       3.58527161e+002, 4.09329834e+002, 3.25644501e+002,
       4.11354553e+002, 2.93491486e+002, 4.13471466e+002,
       5.63341431e+002, 3.57512878e+002, 5.27231812e+002,
       3.60668304e+002, 4.91585205e+002, 3.64198486e+002,
       4.56571289e+002, 3.67294128e+002, 4.21780701e+002,
       3.70306488e+002, 3.87507599e+002, 3.73435944e+002,
       3.54210449e+002, 3.75787445e+002, 3.21095947e+002,
       3.78454681e+002, 2.88592438e+002, 3.80911224e+002,
       5.59536011e+002, 3.22523041e+002, 5.23361694e+002,
       3.26228638e+002, 4.87489105e+002, 3.29490936e+002,
       4.52329132e+002, 3.32848480e+002, 4.17437897e+002,
       3.36306702e+002, 3.82802460e+002, 3.39563538e+002,
       3.49384155e+002, 3.42531952e+002, 3.16140320e+002,
       3.45516602e+002, 2.83525452e+002, 3.48507111e+002,
       5.55617920e+002, 2.86983978e+002, 5.19291687e+002,
       2.90692291e+002, 4.83411896e+002, 2.94501129e+002,
       4.47940613e+002, 2.98337524e+002, 4.12826294e+002,
       3.01775238e+002, 3.78339203e+002, 3.05401459e+002,
       3.44509827e+002, 3.08681549e+002, 3.11029968e+002,
       3.12256348e+002, 2.78447083e+002, 3.15429321e+002,
       5.51596069e+002, 2.51231354e+002, 5.15141968e+002,
       2.55265900e+002, 4.78976288e+002, 2.59256256e+002,
       4.43480103e+002, 2.63202850e+002, 4.08191437e+002,
       2.66861450e+002, 3.73458832e+002, 2.70840576e+002,
       3.39551453e+002, 2.74577637e+002, 3.05989899e+002,
       2.78330139e+002, 2.73012360e+002, 2.81959778e+002,
       5.47397949e+002, 2.15118546e+002, 5.10564819e+002,
       2.19466400e+002, 4.74311340e+002, 2.23703751e+002,
       4.38746948e+002, 2.27847778e+002, 4.03537537e+002,
       2.32209335e+002, 3.68797180e+002, 2.36172562e+002,
       3.34570282e+002, 2.40350006e+002, 3.00729370e+002,
       2.44371506e+002, 2.67728638e+002, 2.48353271e+002 ]
