%YAML:1.0
corners: !!opencv-matrix
   rows: 63
   cols: 1
   dt: "2f"
   data: [ 6.10150635e+002, 3.32935333e+002, 5.78852783e+002,
       3.36270508e+002, 5.47339783e+002, 3.39362854e+002,
       5.15650452e+002, 3.42526306e+002, 4.83858246e+002,
       3.45390472e+002, 4.51808746e+002, 3.48410278e+002,
       4.19816223e+002, 3.51015656e+002, 3.87537964e+002,
       3.53569946e+002, 3.55420135e+002, 3.56506958e+002,
       6.04810730e+002, 3.02317688e+002, 5.73898071e+002,
       3.05380829e+002, 5.42596436e+002, 3.08500732e+002,
       5.11585388e+002, 3.11398438e+002, 4.79813477e+002,
       3.14499084e+002, 4.48319550e+002, 3.17197357e+002,
       4.16517303e+002, 3.19781830e+002, 3.84540680e+002,
       3.22557922e+002, 3.52596924e+002, 3.25362915e+002,
       5.99598755e+002, 2.72130280e+002, 5.68969116e+002,
       2.74990509e+002, 5.38033936e+002, 2.77809235e+002,
       5.07195892e+002, 2.80594177e+002, 4.75941833e+002,
       2.83606293e+002, 4.44527252e+002, 2.86440033e+002,
       4.13526306e+002, 2.89127808e+002, 3.81766571e+002,
       2.91649292e+002, 3.50358337e+002, 2.94429230e+002,
       5.94368164e+002, 2.42411362e+002, 5.64213562e+002,
       2.45413879e+002, 5.33486633e+002, 2.48203476e+002,
       5.03149261e+002, 2.50634171e+002, 4.72175781e+002,
       2.53544128e+002, 4.41305511e+002, 2.56369568e+002,
       4.10268768e+002, 2.58953461e+002, 3.79171814e+002,
       2.61493103e+002, 3.47587830e+002, 2.64075867e+002,
       5.89168762e+002, 2.13646225e+002, 5.59370728e+002,
       2.16461227e+002, 5.29209167e+002, 2.18730713e+002,
       4.99030670e+002, 2.21390411e+002, 4.68470734e+002,
       2.24357437e+002, 4.37639343e+002, 2.26664108e+002,
       4.07343048e+002, 2.29427704e+002, 3.76401550e+002,
       2.32161057e+002, 3.45494263e+002, 2.34570450e+002,
       5.84147827e+002, 1.85147247e+002, 5.54501892e+002,
       1.87495453e+002, 5.24761475e+002, 1.89601028e+002,
       4.94832947e+002, 1.92535751e+002, 4.64656281e+002,
       1.95486115e+002, 4.34369781e+002, 1.97738647e+002,
       4.04226105e+002, 2.00415298e+002, 3.73536499e+002,
       2.02827850e+002, 3.43112396e+002, 2.05472488e+002,
       5.78879456e+002, 1.57227768e+002, 5.50039612e+002,
       1.57969849e+002, 5.20393494e+002, 1.61954071e+002,
       4.90988373e+002, 1.62837097e+002, 4.60889526e+002,
       1.67443954e+002, 4.31424164e+002, 1.67746170e+002,
       4.01094849e+002, 1.71806580e+002, 3.71363922e+002,
       1.72523636e+002, 3.40447144e+002, 1.76748489e+002 ]
