%YAML:1.0
corners: !!opencv-matrix
   rows: 63
   cols: 1
   dt: "2f"
   data: [ 3.28167175e+002, 2.02327087e+002, 2.95296082e+002,
       2.04580185e+002, 2.61644684e+002, 2.07390442e+002,
       2.28486084e+002, 2.10029312e+002, 1.94546036e+002,
       2.12477524e+002, 1.60641983e+002, 2.15329300e+002,
       1.26515953e+002, 2.17670670e+002, 9.21729736e+001,
       2.20441589e+002, 5.75846977e+001, 2.23180939e+002,
       3.25160461e+002, 1.69456940e+002, 2.92355835e+002,
       1.71717911e+002, 2.58933044e+002, 1.74308426e+002,
       2.25577286e+002, 1.76598251e+002, 1.92068909e+002,
       1.79121094e+002, 1.58032990e+002, 1.81485428e+002,
       1.24047890e+002, 1.83853287e+002, 8.96213455e+001,
       1.86464844e+002, 5.53510857e+001, 1.89043350e+002,
       3.21889557e+002, 1.36913528e+002, 2.89369904e+002,
       1.38614197e+002, 2.56225281e+002, 1.41048386e+002,
       2.23083572e+002, 1.43425873e+002, 1.89378006e+002,
       1.45591309e+002, 1.55484802e+002, 1.47654556e+002,
       1.21569695e+002, 1.50223236e+002, 8.75067978e+001,
       1.52507721e+002, 5.33283234e+001, 1.55045746e+002,
       3.19006134e+002, 1.04556198e+002, 2.86503784e+002,
       1.06073586e+002, 2.53364929e+002, 1.08237648e+002,
       2.20499023e+002, 1.10027275e+002, 1.86924362e+002,
       1.12497017e+002, 1.53240356e+002, 1.14457870e+002,
       1.19355072e+002, 1.16616508e+002, 8.54539337e+001,
       1.18994156e+002, 5.11023293e+001, 1.21477203e+002,
       3.15816498e+002, 7.21279449e+001, 2.83597534e+002,
       7.38197098e+001, 2.50585022e+002, 7.55948410e+001,
       2.17908859e+002, 7.73728180e+001, 1.84530060e+002,
       7.93451691e+001, 1.50886963e+002, 8.15149078e+001,
       1.17363968e+002, 8.34786987e+001, 8.32842331e+001,
       8.55880737e+001, 4.92798347e+001, 8.80732269e+001,
       3.13109406e+002, 4.03229713e+001, 2.80712982e+002,
       4.17122574e+001, 2.48174805e+002, 4.29322929e+001,
       2.15509155e+002, 4.47339935e+001, 1.81963730e+002,
       4.65461235e+001, 1.48537018e+002, 4.85606117e+001,
       1.15052658e+002, 5.04789162e+001, 8.14264221e+001,
       5.24978180e+001, 4.74442482e+001, 5.45879517e+001,
       3.10325348e+002, 8.94968414e+000, 2.78137024e+002,
       1.02915897e+001, 2.45523758e+002, 1.13175964e+001,
       2.13006577e+002, 1.31720343e+001, 1.79630661e+002,
       1.50182877e+001, 1.46506577e+002, 1.64277000e+001,
       1.13201759e+002, 1.81475849e+001, 7.94210052e+001,
       2.00324459e+001, 4.56148376e+001, 2.19041367e+001 ]
