%YAML:1.0
corners: !!opencv-matrix
   rows: 63
   cols: 1
   dt: "2f"
   data: [ 6.05956421e+002, 2.56791534e+002, 5.75409546e+002,
       2.59278717e+002, 5.44136902e+002, 2.61479401e+002,
       5.12639954e+002, 2.63865448e+002, 4.80713745e+002,
       2.66366791e+002, 4.48647217e+002, 2.68550232e+002,
       4.16482056e+002, 2.70988464e+002, 3.83393280e+002,
       2.73512848e+002, 3.50244263e+002, 2.75863159e+002,
       6.02845215e+002, 2.25268677e+002, 5.72362976e+002,
       2.27338181e+002, 5.41131958e+002, 2.29464005e+002,
       5.09745850e+002, 2.31606583e+002, 4.77979980e+002,
       2.33807648e+002, 4.45720062e+002, 2.36176331e+002,
       4.13508575e+002, 2.38387085e+002, 3.80594452e+002,
       2.40481720e+002, 3.47542694e+002, 2.42658081e+002,
       5.99559326e+002, 1.93536362e+002, 5.69231750e+002,
       1.95472076e+002, 5.38134155e+002, 1.97399429e+002,
       5.06952942e+002, 1.99452454e+002, 4.75298859e+002,
       2.01382553e+002, 4.43053009e+002, 2.03492859e+002,
       4.10718689e+002, 2.05416351e+002, 3.77985992e+002,
       2.07496796e+002, 3.44915833e+002, 2.09795303e+002,
       5.96353516e+002, 1.62092239e+002, 5.65904907e+002,
       1.63924637e+002, 5.35086914e+002, 1.65535065e+002,
       5.04240143e+002, 1.67273376e+002, 4.72344452e+002,
       1.69248123e+002, 4.40457245e+002, 1.70982437e+002,
       4.08206360e+002, 1.72805740e+002, 3.75525330e+002,
       1.74825180e+002, 3.42546448e+002, 1.76697205e+002,
       5.92820862e+002, 1.31197357e+002, 5.62671997e+002,
       1.32493195e+002, 5.32289124e+002, 1.33933578e+002,
       5.01307800e+002, 1.35445236e+002, 4.69535706e+002,
       1.37233963e+002, 4.37542908e+002, 1.38824707e+002,
       4.05600708e+002, 1.40570740e+002, 3.72940918e+002,
       1.42482254e+002, 3.40279205e+002, 1.44203720e+002,
       5.89648682e+002, 9.99498520e+001, 5.59579590e+002,
       1.01146225e+002, 5.29346191e+002, 1.02297211e+002,
       4.98376312e+002, 1.03800896e+002, 4.66559967e+002,
       1.05480705e+002, 4.34700989e+002, 1.07074944e+002,
       4.02978424e+002, 1.08440842e+002, 3.70506653e+002,
       1.10082382e+002, 3.37863556e+002, 1.11799309e+002,
       5.86428223e+002, 6.97714310e+001, 5.56587708e+002,
       7.06064911e+001, 5.26277832e+002, 7.15618362e+001,
       4.95304169e+002, 7.28824387e+001, 4.63691193e+002,
       7.43598785e+001, 4.32268982e+002, 7.55318832e+001,
       4.00506622e+002, 7.69197083e+001, 3.68115021e+002,
       7.84471741e+001, 3.35545654e+002, 7.99551239e+001 ]
