%YAML:1.0
corners: !!opencv-matrix
   rows: 63
   cols: 1
   dt: "2f"
   data: [ 2.36336651e+001, 1.46177368e+002, 5.56339302e+001,
       1.46156891e+002, 8.85830612e+001, 1.46106827e+002,
       1.22179527e+002, 1.45944748e+002, 1.56518616e+002,
       1.46325577e+002, 1.91851715e+002, 1.46429733e+002,
       2.27650543e+002, 1.46826340e+002, 2.64835510e+002,
       1.47039215e+002, 3.02865387e+002, 1.47226776e+002,
       2.55551281e+001, 1.81387238e+002, 5.73952408e+001,
       1.81866516e+002, 9.00389633e+001, 1.82055435e+002,
       1.23417641e+002, 1.82720032e+002, 1.57865356e+002,
       1.83062469e+002, 1.92814011e+002, 1.83895248e+002,
       2.28919617e+002, 1.84419418e+002, 2.65671814e+002,
       1.85117126e+002, 3.03365479e+002, 1.86023926e+002,
       2.76007023e+001, 2.16275574e+002, 5.89538689e+001,
       2.16866425e+002, 9.16021194e+001, 2.18011490e+002,
       1.24702667e+002, 2.18985443e+002, 1.58852524e+002,
       2.20012543e+002, 1.93851776e+002, 2.20950073e+002,
       2.29577072e+002, 2.22039688e+002, 2.66158447e+002,
       2.22924194e+002, 3.03789307e+002, 2.24286316e+002,
       2.97217693e+001, 2.50722000e+002, 6.10136642e+001,
       2.52083328e+002, 9.31035843e+001, 2.53360672e+002,
       1.25716568e+002, 2.54932953e+002, 1.59943146e+002,
       2.56034485e+002, 1.94739578e+002, 2.57666168e+002,
       2.30148941e+002, 2.58940735e+002, 2.66572296e+002,
       2.60703156e+002, 3.03684723e+002, 2.62004669e+002,
       3.19809361e+001, 2.84512939e+002, 6.29544945e+001,
       2.86421570e+002, 9.46513519e+001, 2.88460938e+002,
       1.27089554e+002, 2.90278137e+002, 1.61096100e+002,
       2.91874390e+002, 1.95903931e+002, 2.93866760e+002,
       2.30813660e+002, 2.95683594e+002, 2.66923676e+002,
       2.97445251e+002, 3.03897461e+002, 2.99485413e+002,
       3.37398071e+001, 3.18408295e+002, 6.44706268e+001,
       3.20579834e+002, 9.59522934e+001, 3.23137726e+002,
       1.28641327e+002, 3.25277435e+002, 1.62341873e+002,
       3.27210083e+002, 1.96673172e+002, 3.29548889e+002,
       2.31400940e+002, 3.31817993e+002, 2.67262878e+002,
       3.34137787e+002, 3.03785217e+002, 3.36247742e+002,
       3.56822968e+001, 3.51086487e+002, 6.63170929e+001,
       3.53704224e+002, 9.74813232e+001, 3.56625519e+002,
       1.30085297e+002, 3.58884674e+002, 1.63557419e+002,
       3.61487610e+002, 1.97272476e+002, 3.64359589e+002,
       2.31801361e+002, 3.66974213e+002, 2.67335052e+002,
       3.69571472e+002, 3.03553833e+002, 3.72455414e+002 ]
