%YAML:1.0
corners: !!opencv-matrix
   rows: 63
   cols: 1
   dt: "2f"
   data: [ 1.24908920e+002, 4.05736084e+001, 1.57676361e+002,
       4.02221756e+001, 1.90416901e+002, 3.97925186e+001,
       2.22882309e+002, 3.93303833e+001, 2.55340912e+002,
       3.93190002e+001, 2.87540100e+002, 3.90283165e+001,
       3.19459167e+002, 3.85770988e+001, 3.51068909e+002,
       3.86793175e+001, 3.82484711e+002, 3.89124870e+001,
       1.25215538e+002, 7.24811630e+001, 1.58227631e+002,
       7.20205307e+001, 1.90942917e+002, 7.12693939e+001,
       2.23598831e+002, 7.09955368e+001, 2.56040039e+002,
       7.04964142e+001, 2.88626495e+002, 6.99884949e+001,
       3.20859528e+002, 6.95797653e+001, 3.52449768e+002,
       6.95738678e+001, 3.83941101e+002, 6.94496078e+001,
       1.25717590e+002, 1.04978958e+002, 1.58822052e+002,
       1.04253975e+002, 1.91823807e+002, 1.03512344e+002,
       2.24393158e+002, 1.02901031e+002, 2.57174408e+002,
       1.02604874e+002, 2.89929993e+002, 1.01967583e+002,
       3.21784912e+002, 1.01601517e+002, 3.53951172e+002,
       1.01276939e+002, 3.85382935e+002, 1.01102745e+002,
       1.26070473e+002, 1.37373001e+002, 1.59462723e+002,
       1.36692032e+002, 1.92450729e+002, 1.35946823e+002,
       2.25265732e+002, 1.35374573e+002, 2.58063599e+002,
       1.34761292e+002, 2.90885315e+002, 1.34018112e+002,
       3.22815948e+002, 1.33496750e+002, 3.55347717e+002,
       1.32984909e+002, 3.86962463e+002, 1.32606094e+002,
       1.26686089e+002, 1.70245087e+002, 1.60081726e+002,
       1.69511429e+002, 1.93329819e+002, 1.68856491e+002,
       2.26232773e+002, 1.67991486e+002, 2.59287842e+002,
       1.67081039e+002, 2.91908844e+002, 1.66424805e+002,
       3.24299591e+002, 1.66002991e+002, 3.56741516e+002,
       1.65144424e+002, 3.88542603e+002, 1.64428406e+002,
       1.27481499e+002, 2.03328537e+002, 1.60834869e+002,
       2.02539703e+002, 1.94187531e+002, 2.01635056e+002,
       2.27305634e+002, 2.00967072e+002, 2.60292603e+002,
       1.99928436e+002, 2.93306366e+002, 1.98891205e+002,
       3.25632813e+002, 1.98145233e+002, 3.58162750e+002,
       1.97426392e+002, 3.90018921e+002, 1.96619247e+002,
       1.28252884e+002, 2.36536850e+002, 1.61904114e+002,
       2.35514252e+002, 1.95239075e+002, 2.34614395e+002,
       2.28397751e+002, 2.33716721e+002, 2.61423126e+002,
       2.32964691e+002, 2.94413147e+002, 2.31983002e+002,
       3.26740723e+002, 2.31052780e+002, 3.59596802e+002,
       2.29969009e+002, 3.91523132e+002, 2.29008026e+002 ]
