%YAML:1.0
corners: !!opencv-matrix
   rows: 63
   cols: 1
   dt: "2f"
   data: [ 5.45487488e+002, 2.33431870e+002, 5.14202942e+002,
       2.37277481e+002, 4.82206665e+002, 2.41083603e+002,
       4.49958710e+002, 2.45280914e+002, 4.17338776e+002,
       2.49192215e+002, 3.84035278e+002, 2.53233704e+002,
       3.50646759e+002, 2.57287537e+002, 3.16542877e+002,
       2.61418488e+002, 2.82301666e+002, 2.65559967e+002,
       5.40802368e+002, 2.01158005e+002, 5.09426880e+002,
       2.04632324e+002, 4.77412415e+002, 2.08416641e+002,
       4.45526703e+002, 2.12207748e+002, 4.12624237e+002,
       2.15976929e+002, 3.79477539e+002, 2.19679535e+002,
       3.46123230e+002, 2.23514343e+002, 3.12352875e+002,
       2.27418472e+002, 2.77964111e+002, 2.31485916e+002,
       5.35803223e+002, 1.68922684e+002, 5.04803497e+002,
       1.72319641e+002, 4.72743073e+002, 1.75609833e+002,
       4.40967072e+002, 1.79243073e+002, 4.08306671e+002,
       1.82539856e+002, 3.75128571e+002, 1.86327591e+002,
       3.41588623e+002, 1.89834854e+002, 3.07881989e+002,
       1.93591339e+002, 2.73747986e+002, 1.97412857e+002,
       5.31075562e+002, 1.36737350e+002, 4.99984039e+002,
       1.39935547e+002, 4.68264282e+002, 1.43176697e+002,
       4.36562622e+002, 1.46320160e+002, 4.03651550e+002,
       1.49546921e+002, 3.70833038e+002, 1.53006378e+002,
       3.37576813e+002, 1.56428619e+002, 3.03781250e+002,
       1.59974472e+002, 2.69681793e+002, 1.63555435e+002,
       5.26359558e+002, 1.05410187e+002, 4.95254059e+002,
       1.07931183e+002, 4.63674194e+002, 1.10791145e+002,
       4.32000397e+002, 1.13571968e+002, 3.99422455e+002,
       1.16925415e+002, 3.66419464e+002, 1.20192505e+002,
       3.33478302e+002, 1.23340111e+002, 2.99691498e+002,
       1.26601059e+002, 2.65874329e+002, 1.30173080e+002,
       5.21618896e+002, 7.34736176e+001, 4.90694519e+002,
       7.60790787e+001, 4.59509003e+002, 7.84400101e+001,
       4.27587982e+002, 8.14269943e+001, 3.95120087e+002,
       8.44524384e+001, 3.62393677e+002, 8.73353348e+001,
       3.29382904e+002, 9.03467941e+001, 2.95793335e+002,
       9.34605713e+001, 2.61994934e+002, 9.65740738e+001,
       5.16848938e+002, 4.28818855e+001, 4.86216431e+002,
       4.46760559e+001, 4.55027008e+002, 4.69880142e+001,
       4.23109131e+002, 4.97276039e+001, 3.90699646e+002,
       5.27181091e+001, 3.58244720e+002, 5.52624550e+001,
       3.25433228e+002, 5.79142990e+001, 2.91982544e+002,
       6.06444740e+001, 2.58434540e+002, 6.38011360e+001 ]
