%YAML:1.0
corners: !!opencv-matrix
   rows: 63
   cols: 1
   dt: "2f"
   data: [ 1.93850082e+002, 3.69990730e+001, 2.12108948e+002,
       6.93233109e+001, 2.30696655e+002, 1.02381897e+002,
       2.49649078e+002, 1.35767319e+002, 2.68646301e+002,
       1.69927628e+002, 2.87927277e+002, 2.04614471e+002,
       3.07416504e+002, 2.39541077e+002, 3.27273102e+002,
       2.75328003e+002, 3.47248535e+002, 3.10937378e+002,
       1.62234222e+002, 5.76578789e+001, 1.80051895e+002,
       8.98235474e+001, 1.98369598e+002, 1.22863205e+002,
       2.16636887e+002, 1.56044830e+002, 2.35473145e+002,
       1.90167892e+002, 2.54402313e+002, 2.24577103e+002,
       2.73521942e+002, 2.59448914e+002, 2.92923065e+002,
       2.94702759e+002, 3.12474121e+002, 3.30463715e+002,
       1.31299606e+002, 7.82487640e+001, 1.48591675e+002,
       1.10303909e+002, 1.66322250e+002, 1.43015884e+002,
       1.84307419e+002, 1.76173965e+002, 2.02566696e+002,
       2.10119568e+002, 2.21190796e+002, 2.44378830e+002,
       2.39784302e+002, 2.78816071e+002, 2.58855438e+002,
       3.14121674e+002, 2.78241638e+002, 3.49290436e+002,
       1.00898796e+002, 9.84476089e+001, 1.17776024e+002,
       1.30345474e+002, 1.34954132e+002, 1.63068405e+002,
       1.52281860e+002, 1.95713409e+002, 1.70452286e+002,
       2.29493225e+002, 1.88522278e+002, 2.63517761e+002,
       2.06928757e+002, 2.97859711e+002, 2.25438065e+002,
       3.32649414e+002, 2.44351349e+002, 3.67810913e+002,
       7.14645462e+001, 1.18222160e+002, 8.76133499e+001,
       1.49947906e+002, 1.04199699e+002, 1.82235275e+002,
       1.21069794e+002, 2.15126862e+002, 1.38926666e+002,
       2.48462158e+002, 1.56672852e+002, 2.82430573e+002,
       1.74592346e+002, 3.16407745e+002, 1.93018951e+002,
       3.50869690e+002, 2.11516113e+002, 3.85646332e+002,
       4.19071999e+001, 1.37691422e+002, 5.77492027e+001,
       1.69308456e+002, 7.36480255e+001, 2.01494049e+002,
       9.06510849e+001, 2.34028488e+002, 1.08042137e+002,
       2.67241211e+002, 1.25373428e+002, 3.00705231e+002,
       1.42779984e+002, 3.34580963e+002, 1.60800888e+002,
       3.68719086e+002, 1.78985687e+002, 4.03278839e+002,
       1.40353203e+001, 1.56575821e+002, 2.87478523e+001,
       1.88071075e+002, 4.46761055e+001, 2.20004852e+002,
       6.12070999e+001, 2.52357712e+002, 7.83847733e+001,
       2.85117004e+002, 9.48539429e+001, 3.18569397e+002,
       1.12137100e+002, 3.51978394e+002, 1.29455963e+002,
       3.86055573e+002, 1.47353241e+002, 4.20189056e+002 ]
