%YAML:1.0
corners: !!opencv-matrix
   rows: 63
   cols: 1
   dt: "2f"
   data: [ 3.91859833e+002, 3.06824493e+002, 3.59635193e+002,
       3.08519897e+002, 3.27244720e+002, 3.10100433e+002,
       2.94923309e+002, 3.11500824e+002, 2.62475006e+002,
       3.12901794e+002, 2.29963760e+002, 3.14387482e+002,
       1.97657516e+002, 3.15463348e+002, 1.65259933e+002,
       3.16588501e+002, 1.32908066e+002, 3.18098480e+002,
       3.89350433e+002, 2.75421051e+002, 3.57507568e+002,
       2.77095612e+002, 3.25256683e+002, 2.78570648e+002,
       2.93441956e+002, 2.79854248e+002, 2.61032166e+002,
       2.81592590e+002, 2.29025574e+002, 2.83039307e+002,
       1.97042801e+002, 2.84320374e+002, 1.65142410e+002,
       2.85210388e+002, 1.33197662e+002, 2.86461304e+002,
       3.86567963e+002, 2.44354584e+002, 3.55171204e+002,
       2.46102600e+002, 3.23427490e+002, 2.47957626e+002,
       2.91784790e+002, 2.49294022e+002, 2.59694305e+002,
       2.50690735e+002, 2.28121857e+002, 2.51767670e+002,
       1.96578537e+002, 2.53003418e+002, 1.64856491e+002,
       2.54386093e+002, 1.33548264e+002, 2.55741196e+002,
       3.84072449e+002, 2.14451965e+002, 3.52662415e+002,
       2.16092239e+002, 3.21262054e+002, 2.17347656e+002,
       2.90285034e+002, 2.18838669e+002, 2.58906769e+002,
       2.20228806e+002, 2.27325729e+002, 2.21438980e+002,
       1.96175049e+002, 2.22677261e+002, 1.64849930e+002,
       2.23997086e+002, 1.33634186e+002, 2.25258484e+002,
       3.81469391e+002, 1.84971176e+002, 3.50656281e+002,
       1.86465927e+002, 3.19562500e+002, 1.87519226e+002,
       2.88784729e+002, 1.88595551e+002, 2.57684387e+002,
       1.90364426e+002, 2.26533951e+002, 1.91634827e+002,
       1.95752441e+002, 1.92909668e+002, 1.64936600e+002,
       1.94516968e+002, 1.34010635e+002, 1.95675659e+002,
       3.78974152e+002, 1.55655396e+002, 3.48502655e+002,
       1.57035294e+002, 3.17852997e+002, 1.58124451e+002,
       2.87340515e+002, 1.59713135e+002, 2.56508545e+002,
       1.61303482e+002, 2.25777206e+002, 1.62587631e+002,
       1.95373489e+002, 1.63664307e+002, 1.64762680e+002,
       1.65085632e+002, 1.34424423e+002, 1.66428085e+002,
       3.76362976e+002, 1.27924889e+002, 3.46641235e+002,
       1.27069237e+002, 3.16064514e+002, 1.29746384e+002,
       2.86361633e+002, 1.29284546e+002, 2.55420059e+002,
       1.32970871e+002, 2.25416916e+002, 1.33154068e+002,
       1.94827911e+002, 1.35267654e+002, 1.65390091e+002,
       1.34644257e+002, 1.34529999e+002, 1.37784744e+002 ]
