%YAML:1.0
corners: !!opencv-matrix
   rows: 63
   cols: 1
   dt: "2f"
   data: [ 4.26729309e+002, 7.41805878e+001, 4.47481049e+002,
       1.05690186e+002, 4.68472595e+002, 1.37951645e+002,
       4.89671448e+002, 1.70468994e+002, 5.10911102e+002,
       2.03537491e+002, 5.32414978e+002, 2.36958679e+002,
       5.53739624e+002, 2.70582581e+002, 5.75448303e+002,
       3.04723602e+002, 5.97070496e+002, 3.39050598e+002,
       3.94892181e+002, 9.58136292e+001, 4.15376373e+002,
       1.27341492e+002, 4.36002350e+002, 1.59530350e+002,
       4.56752869e+002, 1.91800934e+002, 4.77798584e+002,
       2.24906830e+002, 4.98854492e+002, 2.58207489e+002,
       5.19924438e+002, 2.91718109e+002, 5.41296204e+002,
       3.25670776e+002, 5.62686646e+002, 3.59921112e+002,
       3.63498474e+002, 1.17390953e+002, 3.83474426e+002,
       1.48718628e+002, 4.03719330e+002, 1.80843521e+002,
       4.24193787e+002, 2.13040710e+002, 4.44787292e+002,
       2.46086533e+002, 4.65536560e+002, 2.79328552e+002,
       4.86273712e+002, 3.12555634e+002, 5.07364258e+002,
       3.46372559e+002, 5.28458862e+002, 3.80394165e+002,
       3.32477905e+002, 1.38584305e+002, 3.51957642e+002,
       1.69869125e+002, 3.71829926e+002, 2.01953888e+002,
       3.91728790e+002, 2.34106110e+002, 4.12220520e+002,
       2.66877594e+002, 4.32558899e+002, 2.99811676e+002,
       4.53160980e+002, 3.33038666e+002, 4.73679993e+002,
       3.66632629e+002, 4.94565338e+002, 4.00554932e+002,
       3.02015930e+002, 1.59566910e+002, 3.21082581e+002,
       1.90727707e+002, 3.40367920e+002, 2.22541977e+002,
       3.59824707e+002, 2.54669434e+002, 3.80082123e+002,
       2.87266479e+002, 4.00202301e+002, 3.20222870e+002,
       4.20244354e+002, 3.53126373e+002, 4.40691620e+002,
       3.86516266e+002, 4.61123657e+002, 4.19984741e+002,
       2.71618713e+002, 1.80211380e+002, 2.90205170e+002,
       2.11358948e+002, 3.09022675e+002, 2.43026215e+002,
       3.28413574e+002, 2.74970581e+002, 3.48310791e+002,
       3.07399384e+002, 3.67982147e+002, 3.40106873e+002,
       3.87721710e+002, 3.72904663e+002, 4.07859131e+002,
       4.06071808e+002, 4.28135529e+002, 4.39410187e+002,
       2.42433701e+002, 2.00304230e+002, 2.60395325e+002,
       2.31305939e+002, 2.78854645e+002, 2.62835846e+002,
       2.98159882e+002, 2.94503998e+002, 3.17483063e+002,
       3.26673798e+002, 3.36706085e+002, 3.59393677e+002,
       3.56014038e+002, 3.91924805e+002, 3.75851135e+002,
       4.25101349e+002, 3.95722961e+002, 4.58180634e+002 ]
