%YAML:1.0
fingertip: [ 574., 478., 571., 478., 574., 478., 575., 478., 575., 478.,
    575., 478., 576., 478., 576., 478., 576., 478., 579., 478., 579.,
    478., 580., 478., 581., 478., 581., 478., 581., 478., 585., 478.,
    581., 478., 581., 478., 580., 478., 578., 478., 578., 478., 575.,
    478., 572., 478., 569., 478., 567., 478., 563., 478., 561., 478.,
    557., 478., 556., 478., 548., 478., 546., 478., 543., 478., 541.,
    478., 536., 478., 538., 478., 533., 478., 532., 478., 527., 478.,
    525., 478., 522., 478., 518., 478., 515., 478., 514., 478., 508.,
    478., 521., 478., 519., 478., 506., 478., 512., 478., 510., 478.,
    505., 478., 501., 478., 495., 478., 495., 478., 490., 478., 488.,
    478., 482., 478., 477., 478., 471., 478., 464., 478., 457., 478.,
    447., 478., 437., 478., 425., 478., 414., 478., 402., 478., 390.,
    478., 379., 478., 341., 478., 337., 478., 335., 478., 332., 478.,
    320., 478., 318., 478., 320., 478., 319., 478., 322., 478., 324.,
    478., 326., 478., 325., 478., 329., 478., 329., 478., 331., 478.,
    332., 478., 335., 478., 334., 478., 335., 478., 335., 478., 335.,
    478., 338., 478., 339., 478., 338., 478., 339., 478., 339., 478.,
    340., 478., 341., 478., 341., 478., 342., 478., 342., 478., 342.,
    478., 344., 478., 344., 478., 344., 478., 344., 478., 345., 478.,
    345., 478., 345., 478., 345., 478., 344., 478., 346., 478., 345.,
    478., 346., 478., 348., 478., 347., 478., 347., 478., 348., 478.,
    347., 478. ]
