%YAML:1.0
fingertip: [ 347., 478., 350., 478., 351., 478., 350., 478., 348., 478.,
    348., 478., 348., 478., 348., 478., 351., 478., 348., 478., 351.,
    478., 351., 478., 348., 478., 351., 478., 351., 478., 348., 478.,
    351., 478., 351., 478., 361., 478., 360., 478., 358., 478., 354.,
    478., 352., 478., 349., 478., 347., 478., 343., 478., 340., 478.,
    338., 478., 336., 478., 332., 478., 331., 478., 329., 478., 325.,
    478., 322., 478., 321., 478., 319., 478., 315., 478., 314., 478.,
    313., 478., 309., 478., 308., 478., 306., 478., 304., 478., 301.,
    478., 300., 478., 297., 478., 296., 478., 294., 478., 293., 478.,
    288., 478., 288., 478., 286., 478., 283., 478., 281., 478., 279.,
    478., 277., 478., 275., 478., 273., 478., 270., 478., 265., 478.,
    261., 478., 251., 478., 250., 478., 247., 478., 244., 478., 241.,
    478., 236., 478., 230., 478., 224., 478., 217., 478., 209., 478.,
    202., 478., 190., 478., 183., 478., 174., 478., 168., 478., 162.,
    478., 159., 478., 159., 478., 157., 478., 155., 478., 153., 478.,
    151., 478., 150., 478., 149., 478., 148., 478., 145., 478., 144.,
    478., 143., 478., 142., 478., 141., 478., 133., 478., 132., 478.,
    132., 478., 133., 478., 134., 478., 136., 478., 143., 478., 143.,
    478., 143., 478., 143., 478., 143., 478., 143., 478., 143., 478.,
    138., 478., 143., 478., 138., 478., 143., 478., 138., 478., 143.,
    478., 143., 478., 144., 478., 147., 478., 147., 478., 149., 478.,
    148., 478. ]
